0 0 PD
0 1 D
0 2 D
0 3 PD
0 4 PD
0 5 D
0 6 D
0 7 D
0 8 D
0 9 PD
0 10 D
0 11 D
0 12 D
0 13 PD
0 14 D
0 15 D
0 16 D
0 17 D
0 18 D
0 19 D
1 0 PD
1 1 D
1 2
1 3 P
1 4
1 5 D
1 6 PD
1 7
1 8 P
1 9
1 10 P
1 11
1 12
1 13 D
1 14
1 15 PD
1 16
1 17
1 18
1 19
2 0 P
2 1 PD
2 2
2 3
2 4 D
2 5 P
2 6
2 7
2 8
2 9 PD
2 10
2 11 P
2 12
2 13
2 14
2 15 P
2 16
2 17
2 18
2 19 P
3 0 P
3 1
3 2 D
3 3
3 4 D
3 5
3 6 PD
3 7
3 8 P
3 9
3 10
3 11 P
3 12
3 13
3 14 PD
3 15
3 16 PD
3 17
3 18 PD
3 19
4 0 P
4 1
4 2
4 3 D
4 4
4 5 D
4 6
4 7
4 8
4 9
4 10 D
4 11
4 12 PD
4 13
4 14
4 15
4 16
4 17 P
4 18
4 19
5 0 PD
5 1
5 2
5 3 P
5 4
5 5 PD
5 6
5 7
5 8
5 9 D
5 10 PD
5 11
5 12
5 13 D
5 14
5 15 PD
5 16
5 17
5 18
5 19
6 0 P
6 1
6 2
6 3 D
6 4
6 5 D
6 6
6 7
6 8 PD
6 9 P
6 10
6 11
6 12
6 13
6 14
6 15 D
6 16
6 17 P
6 18
6 19
7 0 P
7 1
7 2
7 3
7 4 D
7 5
7 6 P
7 7
7 8
7 9 D
7 10 PD
7 11 D
7 12
7 13
7 14
7 15 P
7 16
7 17
7 18 D
7 19
8 0 PD
8 1
8 2 P
8 3
8 4
8 5
8 6
8 7 D
8 8
8 9 D
8 10
8 11 PD
8 12 D
8 13
8 14
8 15
8 16
8 17 PD
8 18
8 19
9 0 PD
9 1
9 2 PD
9 3
9 4 PD
9 5 D
9 6
9 7 D
9 8
9 9
9 10
9 11
9 12 P
9 13
9 14
9 15
9 16
9 17 P
9 18
9 19
10 0 PD
10 1
10 2 P
10 3 P
10 4
10 5
10 6
10 7
10 8
10 9 D
10 10 P
10 11 PD
10 12 D
10 13
10 14
10 15 D
10 16 P
10 17
10 18 P
10 19
11 0 P
11 1 D
11 2
11 3
11 4
11 5 P
11 6 D
11 7
11 8
11 9
11 10
11 11
11 12
11 13
11 14
11 15 P
11 16
11 17 P
11 18
11 19 PD
12 0 P
12 1 P
12 2
12 3 PD
12 4
12 5
12 6 PD
12 7
12 8
12 9 D
12 10
12 11 P
12 12
12 13
12 14
12 15
12 16
12 17 PD
12 18
12 19
13 0 PD
13 1
13 2
13 3
13 4
13 5 D
13 6
13 7
13 8 PD
13 9
13 10 P
13 11
13 12
13 13
13 14 P
13 15
13 16 P
13 17
13 18 PD
13 19
14 0 P
14 1 P
14 2
14 3
14 4 P
14 5
14 6
14 7 PD
14 8
14 9
14 10
14 11 D
14 12 PD
14 13
14 14
14 15 P
14 16
14 17 D
14 18
14 19
15 0 P
15 1 D
15 2
15 3 PD
15 4
15 5 PD
15 6
15 7
15 8 D
15 9
15 10 PD
15 11
15 12
15 13 D
15 14
15 15 P
15 16
15 17
15 18 D
15 19
16 0 PD
16 1
16 2
16 3
16 4 PD
16 5
16 6 D
16 7
16 8
16 9
16 10 P
16 11 PD
16 12
16 13
16 14
16 15
16 16 PD
16 17
16 18 D
16 19
17 0 P
17 1
17 2
17 3
17 4 PD
17 5
17 6
17 7 P
17 8 P
17 9
17 10 P
17 11
17 12
17 13
17 14 D
17 15 P
17 16
17 17
17 18 D
17 19
18 0 P
18 1 PD
18 2
18 3
18 4 P
18 5
18 6
18 7
18 8 D
18 9
18 10 P
18 11
18 12
18 13
18 14 PD
18 15
18 16
18 17 P
18 18
18 19 P
19 0 P
19 1
19 2 D
19 3
19 4
19 5
19 6 D
19 7
19 8 P
19 9
19 10 P
19 11
19 12 P
19 13
19 14
19 15
19 16
19 17 D
19 18
19 19 P
